1179755135	2358370626	3524904818	4707851443	5858923101	
KSM ENABLED
1139343268 2320513020 3491233314 4664093620 5838887854
1056831963 1622088776 2179689223 3162230600 4229652695
1056616658 2173358643 3293140524 4339329380 5389363523
979179786 1971021351 2965294125 3967983172 4967211576
1020084697 2003245363 2989333755 3970100908 4955713727
946292476 1953663111 2968978318 3930210119 4907491672
922830403 1839062163 2862484554 3812403810 4753559375
921610393 1843229009 2841373084 3781039356 4722831572
897138025 1877654077 2864644290 3794505095 4748690608
893358449 1861551178 2786776445 3683612289 4599515464
943902966 1820246191 2737729687 3646011521 4581336556
874391431 1752103661 2639586367 3551626642 4448562492
861486424 1766396326 2734759807 3624612417 4505786020
898620464 1805859987 2692968332 3579935159 4465983680
847608330 1737479550 2629126038 3561128310 4457040706
848016076 1740384998 2650163608 3522103308 4394718191
882716540 1749425234 2629569134 3506920680 4403207647
829583707 1693099044 2613376567 3473082439 4336015249
879889692 1718788100 2591097163 3466384735 4374604107
831053939 1686309325 2609073966 3475298435 4337871779
859640574 1711506347 2512424782 3384467505 4165822531
822494203 1689999091 2564107865 3423751729 4265726137
820764850 1663879326 2526617658 3400164778 4257870971
811412530 1689260394 2543454832 3392033343 4271430400
809876194 1612073760 2434621454 3247880497 4084724115
829012651 1672567356 2521638476 3381856088 4248023426
832901995 1685928170 2527940074 3352262747 4177351415
794272711 1628899332 2499211068 3348901077 4170526193
843657479 1658979321 2501524423 3355231463 4206562524
811954084 1661805458 2498383234 3331429335 4207263311
819894454 1635712586 2483284072 3264871154 4069000224
805852946 1629415346 2464068563 3336540850 4158417111
843939627 1650916567 2473986866 3302351683 4165188784
762399157 1591647639 2430542326 3255576059 4094634450
802370665 1608145425 2474703711 3298455683 4131380939
807742056 1625143172 2449833861 3302309132 4137283227
817800190 1641089203 2463787005 3265637932 4119675354
772337241 1603724716 2420290215 3243576657 4077050634
809946166 1605541764 2455959018 3265867992 4093433244
786175509 1596941086 2437548910 3271814829 4091924560
755740935 1541943968 2356454467 3183978427 4008832010
804493732 1630752219 2448754148 3249620928 4107442074
788110195 1639482580 2462820846 3271264717 4129431911
787255988 1613433868 2452282431 3263925431 4091895802
770928340 1598686999 2438843366 3198554708 3962037310
813140773 1619465462 2421880630 3248108822 4066151338
811483181 1617952380 2430512213 3248638479 4063979947
808774790 1631112198 2432242343 3231481326 4086104139
783982603 1607550890 2422106278 3226568968 4068203636
784349083 1597666751 2415308647 3223852436 4041950912
775400634 1574000240 2410454077 3211975916 4016464944
787899637 1597067108 2427112770 3210616738 4031562201
792628618 1587947855 2421482809 3240295899 4056806059
813456968 1618183266 2429735749 3261474779 4065555471
821240328 1569278680 2331190458 3121898842 3942528537
804800308 1596714509 2411578487 3223741149 4049173588
795412105 1601417981 2391699456 3191154683 4007568651
773792943 1594695852 2395070119 3199383537 4042181432
780383674 1590519479 2397388755 3187311808 4019999358
779834033 1595900303 2399912720 3189753517 4018891686
778454198 1573780280 2404931541 3216544004 4012921664
781959080 1581536630 2399018157 3185556025 4000906495
776487502 1548243887 2333002408 3135881514 3932301549
776126861 1560728523 2319145815 3081612628 3879168623
786750130 1587005419 2401628953 3197947600 4007076898
800833023 1582109084 2392636842 3208309418 4009294116
810398755 1597132684 2392163751 3215588871 4017487066
802667875 1593215303 2390331344 3204044349 4004742296
791905724 1584405477 2380632859 3208785648 4009967947
806603008 1583499198 2377885600 3185547220 3993854159
785240293 1564760079 2340391200 3142104765 3938288775
794816861 1597635037 2394569576 3163282857 3976803473
783189629 1598196718 2388208493 3179316735 3999539711
769065428 1572449858 2366612259 3160886926 3981542088
774528159 1595697473 2384945208 3169006375 3904966260
774082015 1587857963 2376757210 3165024011 3986199206
769348504 1585446707 2381457993 3166445503 3983171314
767262596 1577890323 2368649613 3161084121 3963426581
761707828 1562894993 2354961933 3141140012 3975926331
771602636 1583490934 2368053380 3156411836 3972439080
774112822 1574901345 2376307497 3169549329 3986832655
777792557 1583990546 2385526571 3170727371 3969607617
770841751 1557065549 2357778357 3149590596 3945857960
770757365 1560001940 2360388236 3154148163 3949959337
772307900 1562494807 2360460394 3154636676 3961388266
780425020 1575517935 2370140408 3164541982 3963233192
780113948 1566786589 2372423911 3153474327 3957677727
777094253 1563614282 2355373188 3122538405 3925567041
761514892 1554431757 2358310392 3134501387 3944903301
754172888 1547772210 2354505415 3132592839 3948018066
755010410 1550477933 2350354205 3129688573 3932244746
755729146 1550782659 2354432871 3126139850 3936209561
758786237 1566572324 2363952808 3145972119 3960548430
758664505 1561777505 2365619004 3142357650 3951801683
767831559 1568583002 2366341448 3137374125 3949870396
764843584 1559027640 2354113705 3134288628 3947097184
760476017 1557524375 2361462031 3134261222 3940557568
762877641 1559269878 2358907518 3139185574 3943346513
754809770 1541231275 2339917315 3115136101 3910855865
757060594 1541203322 2341027752 3118052851 3668916682
532584519 1225450799 1816836761 2197346329 2851711047
778647063 1576050404 2318279015 3084706625 3881783710
773994888 1563418882 2346742228 3139481752 3931941756
761229527 1554481429 2345683767 3121476374 3917303407
765840965 1554183228 2345236006 3132557627 3928635296
776636263 1553561433 2346311097 3141928577 3923656887
785432783 1552590287 2349907102 3138325589 3884262803
759443635 1525526065 2318406672 3113096747 3895922153
770760449 1545940643 2338215007 3138748230 3923576813
779791121 1543951797 2337512421 3136340612 3920247192
771846229 1546973163 2346317640 3134760117 3920285281
759829012 1531520216 2351998480 3122152639 3903562250
759775634 1541576304 2353509433 3123864766 3903826861
749630872 1500121274 2318138454 3097856973 3882361217
767610221 1475600673 2234255101 3015293690 3795751261
758400052 1536276180 2339301731 3118024732 3907182292
762980183 1538574094 2355930538 3125506266 3906722593
716017746 1461944089 2273252067 3050990324 3840809545
760104707 1524215426 2342439200 3122658978 3909772996
769034062 1537599770 2350811420 3127521982 3909516072
761350309 1531017043 2338812241 3121368853 3908278535
687631187 1416469005 2230292891 2994890514 3779284275
759494829 1525102251 2324687788 3098619773 3891728072
753240640 1537762403 2328186322 3099750704 3897488434
769788924 1538804469 2317169596 3109203453 3891701986
766908774 1536996053 2315419119 3106162825 3896453511
768904126 1561514067 2349204283 3118771154 3929824652
759951791 1555878633 2328699860 3107455182 3907046993
755419420 1544563193 2321690613 3026802719 3784868437
759987827 1545999761 2320143203 3102410291 3900696935
781411363 1556382852 2338721791 3129552298 3920741350
775207466 1555312387 2330366651 3111553220 3894520483
763633803 1532976728 2324473824 3105204189 3905387593
778734483 1555867137 2338412971 3135069348 3914155224
777722312 1544819091 2323559186 3124551647 3911386491
790803995 1556147886 2351194483 3137217954 3923059740
770044878 1536431804 2328847101 3102214174 3885966854
770288050 1546187930 2344847271 3123965914 3924715324
764427455 1554002646 2328937873 3103658544 3804980276
756542564 1537720819 2315927082 3108372917 3879055783
759938253 1540957868 2342034298 3119160626 3900652536
756494309 1535268473 2330091457 3090804872 3886731317
759539620 1540363934 2321947793 3099461595 3904103013
766589280 1540547085 2321801295 3098372896 3894887664
757263530 1546012644 2325975739 3103932769 3912400768
751728347 1546711146 2320032181 3110518913 3917293716
775271838 1558491061 2341866555 3105745947 3914691230
758978355 1546879779 2324163328 3113435311 3904542601
740123559 1450876463 2228588302 3021848315 3809282901
732132277 1441296589 2191008200 2982733608 3770851020
