[32mFull scans	pages shared	pages sharing	pages unshared	pages volatile	general profit[0m
0		0		0		0		0		0
36		28		5411		1902		1		21693568
97		4854		22144		48151		91425		80041088
101		6270		55698		135598		61936		211530880
104		6455		51883		141185		79004		194749568
107		7192		48223		151611		71329		179803264
110		10968		55790		209251		2439		210695296
113		11047		55204		199958		12237		208295040
116		11534		55275		205936		5701		208585856
119		11225		52702		192580		21945		198018176
122		11207		54887		203803		9238		204919936
125		9276		111373		152120		5651		438535296
128		9319		114558		151089		3475		451409024
131		9367		114665		152872		1542		451847296
135		9417		114785		152914		1330		452338816
138		9493		114777		152863		1313		452306048
141		9535		114846		151009		3056		452588672
144		9272		114426		124725		30023		450868352
148		9076		113792		146963		8615		448271488
151		9163		113847		152124		3308		448496768
154		9160		113856		154191		1238		448533632
158		9123		113866		154993		467		448574592
161		9123		113865		155259		199		448570496
164		9124		113861		154952		509		448554112
167		9124		113855		154096		1371		448529536
171		9126		113858		155238		224		448541824
174		9121		113871		155040		414		448595072
177		9121		113867		155270		188		448578688
180		9120		113883		154655		788		448644224
184		9121		113882		154936		507		448640128
187		9121		113882		155074		369		448640128
190		9171		113778		155350		147		448214144
194		9171		113778		155288		209		448214144
197		9169		113728		154937		613		448009344
200		9220		113771		155144		311		448185472
203		9222		113772		155306		146		448189568
207		9223		113771		155270		182		448185472
210		9239		119846		157085		8834		472008960
212		10028		129700		192051		114265		502704384
214		17435		168936		276545		89751		655923456
216		23860		174005		239280		118979		677128448
217		28304		173916		273449		80456		676768000
219		45246		198503		303694		9439		777435392
220		45807		198258		291982		20845		776423680
222		46129		198824		301003		10936		778742016
223		46815		199529		304823		5725		781629696
225		45956		199668		279274		31994		782199040
226		49861		204992		294810		7229		804006144
228		54650		209965		287508		4755		824375552
230		54773		210249		290377		1493		825538816
231		54750		210258		288094		3790		825575680
233		54705		210312		289635		2240		825796864
234		54727		210162		286960		5044		825182464
236		54240		205880		261533		35242		807643392
238		62765		215296		265916		12913		846211328
239		66509		219324		268769		2290		862710016
241		66642		219484		268088		2678		863365376
242		66621		217296		262526		10447		854403328
244		67255		218893		268833		1911		860944640
246		67211		218145		268669		2869		857880832
247		67193		218509		266361		4829		859371776
249		67323		218788		269736		1045		860514560
250		67324		218784		269790		994		860498176
252		67299		217537		267413		4644		855390464
254		67563		216215		269694		3420		849975552
255		67608		216251		272037		996		850123008
257		67592		216243		268021		5035		850090240
258		67649		216137		271499		1606		849656064
260		67735		216271		272297		588		850204928
262		63439		200736		214979		77741		786585856
263		63912		265682		222628		4670		1052592384
265		63958		265957		225350		1627		1053718784
266		63929		265321		223944		3698		1051113728
268		63889		265801		225412		1791		1053079808
270		63872		266112		225552		1357		1054353664
271		63336		265510		223530		4516		1051887872
273		63640		266665		224958		1629		1056618752
275		63627		266750		225312		1203		1056966912
276		63538		266124		221930		5296		1054402816
278		63681		266603		224575		2033		1056364800
280		63702		266665		225143		1383		1056618752
281		63705		266668		226032		488		1056631040
283		63703		266667		225994		528		1056626944
285		63703		266664		226045		480		1056614656
286		63704		266670		225974		544		1056639232
288		63702		266668		225749		772		1056631040
290		63723		266697		225680		791		1056749824
291		63727		266698		225955		513		1056753920
293		63734		266697		225831		630		1056749824
295		63733		266704		225826		630		1056778496
296		63732		266711		225736		715		1056807168
298		63731		266687		225329		1142		1056708864
300		63733		266691		225986		482		1056725248
301		63733		266677		225693		789		1056667904
303		63731		266694		225648		818		1056737536
305		63735		266699		226000		458		1056758016
306		63737		266702		225977		476		1056770304
308		63737		266695		226028		432		1056741632
310		63610		266639		225684		1002		1056381184
311		63237		265567		214372		13716		1052121344
313		63785		266199		226245		663		1054710016
315		63786		266192		225764		1150		1054681344
316		63785		266198		226272		636		1054705920
318		63745		266152		224241		2754		1054517504
320		63767		271824		226283		10040		1076788608
321		63793		287459		225414		154258		1130652928
322		71166		341620		285210		118654		1347009920
323		76241		356991		284325		116729		1408683392
324		78256		352843		279668		123984		1391959424
325		84097		361265		310424		78971		1426558336
326		87088		377867		331885		37980		1494338944
327		88607		381266		341012		23941		1508236672
328		89040		382474		353847		9460		1513184640
329		89048		384161		348300		13317		1520094592
330		89099		384294		355372		6061		1520639360
331		89036		384291		353561		7939		1520627072
332		89090		384490		359513		1733		1521442176
333		89092		384502		358456		2776		1521491328
335		89071		384499		358795		2461		1521479040
336		89088		384551		353357		7830		1521692032
337		88466		386619		339526		20215		1530162560
338		88326		388829		320298		37373		1539214720
339		89210		389768		351789		4059		1543060864
340		89240		389577		350373		5636		1542278528
341		89246		389507		353917		2155		1541991808
342		89289		389561		354803		1172		1542212992
343		89285		389554		354245		1742		1542184320
344		89261		389255		349603		6706		1540959616
345		89093		388973		346308		10452		1539804544
346		88316		365212		299925		81373		1442479488
347		88634		430891		312209		3092		1711500672
348		88606		431035		311858		3327		1712090496
350		88637		431166		312733		2290		1712627072
351		88618		431233		312421		2554		1712901504
352		88746		430954		308051		7074		1711775104
353		88781		431455		311957		2633		1713810816
354		88789		431446		312122		2470		1713773952
355		88807		431474		312561		1984		1713888640
356		88823		431505		312799		1699		1714015616
357		88819		431422		311177		3408		1713675648
358		88846		431513		313612		854		1714048384
360		88845		431504		312056		2421		1714011520
361		88846		431503		313436		1041		1714007424
362		88846		431507		313286		1187		1714023808
363		88844		431495		313570		917		1713974656
364		88845		431485		313732		764		1713933696
365		88844		431490		313603		889		1713954176
366		88845		431494		313539		948		1713970560
367		88842		431500		313604		880		1713995136
368		88843		431505		313663		816		1714015616
369		88838		431491		313595		902		1713958272
371		88837		431459		311878		2651		1713827200
372		88859		431502		313550		915		1714003328
373		88858		431508		312649		1811		1714027904
374		88864		431505		313024		1435		1714015616
375		88864		431498		313525		939		1713986944
376		88863		431490		313233		1241		1713954176
377		88865		431494		313398		1069		1713970560
378		88856		431493		313610		867		1713966464
379		88846		431342		311763		2873		1713347968
380		89079		431570		312984		1193		1714281856
382		89081		431573		312799		1373		1714294144
383		89074		431555		313171		1027		1714220416
384		89042		431546		311585		2651		1714183552
385		89038		431289		311431		3069		1713130880
386		88989		431239		308660		5950		1712930176
387		89087		432937		302099		10703		1719881088
388		89213		433244		311342		1022		1721150848
389		90145		434179		308677		1826		1724968320
390		89996		434192		309588		1050		1725021568
392		89996		434190		309458		1182		1725013376
393		89995		434190		309717		922		1725013376
394		89991		434173		309514		1148		1724943744
395		89992		434213		307009		3609		1725107584
396		89978		434090		309292		1466		1724603776
397		89981		434160		308188		2495		1724890496
398		89995		433927		307080		3822		1723936128
399		90006		434075		308799		1944		1724542336
401		90006		434055		307900		2865		1724460416
402		90031		433371		306329		5095		1721658752
403		90066		433991		309091		1678		1724198272
404		89691		434008		309330		1797		1724267904
405		89677		434011		310268		870		1724280192
406		89667		433785		308595		2779		1723354496
407		89651		433601		308546		3023		1722600832
408		89578		433167		304297		7784		1720823168
409		89740		433481		310290		1315		1722109312
410		89711		433441		308074		3600		1721945472
